1.23282848473 00
3.5256535762 01
2.00829671794 01
1.13099476304 00
3.89996235233 01
1.66454380325 00
4.73675267085 01
5.39250069019 11
0.294713369049 00
4.91426305079 01
4.69717013524 01
2.02192192902 01
6.37411233493 11
0.571073773163 00
1.15980605065 00
2.76974825547 01
0.171593099734 00
5.53327371719 11
6.31167615453 11
5.89751283349 11
0.614702790843 00
3.2661071444 01
3.13185997186 01
4.47545354747 01
0.837293635087 00
2.19708481413 01
1.90152864147 00
0.855117565791 00
1.52109954141 00
1.05216203904 00
3.66017503562 01
6.83473702026 11
5.03612398471 11
4.41580484804 01
3.27025569132 01
3.36611999188 01
1.39686612413 00
6.93623419121 11
0.41129329214 00
2.50995976031 01
0.66592923235 00
0.812766926307 00
1.95524014017 00
6.84104091792 11
1.88830449059 00
0.131628703259 00
2.74434602194 01
2.93207091872 01
2.49722886103 01
1.07385993057 00
4.38317121242 01
5.74261975432 11
3.3878312292 01
5.49697974216 11
6.88924440831 11
0.926328099601 00
6.61845512548 11
0.0712236027099 00
6.24168044901 11
1.88309946417 00
5.79262387485 11
6.07392374695 11
6.02131376376 11
1.79840007608 00
6.5287191174 11
4.84257603974 01
4.2534625451 01
2.09219811467 01
0.433787027746 00
4.30877208277 01
1.00314509441 00
2.11025885493 01
4.22204477804 01
0.0280551921145 00
4.27213340383 01
6.07130774816 11
5.55856414513 11
0.389099358729 00
5.50437481124 11
2.90380578412 01
2.01164913397 01
4.77248991899 01
1.03078516035 00
5.07465243018 11
0.849615188981 00
4.87281573743 01
2.7873331633 01
6.69924724604 11
0.452824246745 00
4.88126074871 01
0.672613977275 00
1.4384109544 00
5.82555974156 11
3.87124285451 01
3.17699440274 01
2.0553324276 01
4.79077852689 01
4.91054613236 01
4.61138125633 01
4.55663761682 01
2.22500150468 01
3.11645096367 01
3.03681000374 01
6.63901303701 11
5.1392087488 11
5.62790294281 11
0.783152688726 00
2.39322542522 01
5.52850923129 11
2.27430788923 01
6.2531041342 11
3.86837472828 01
0.579912469201 00
3.33550990646 01
3.61278618263 01
5.83936423329 11
0.392285458222 00
1.19846199172 00
3.76305763701 01
5.81298402783 11
6.61620002294 11
2.90605952628 01
2.86775226965 01
4.26732676883 01
3.76337978062 01
4.15585020588 01
4.80465060262 01
5.27575406046 11
3.76236261096 01
2.60328890761 01
5.90616125784 11
2.23681333471 01
0.346276971757 00
5.09905489596 11
0.0967805905402 00
2.57691974076 01
2.00119493304 01
6.44499949044 11
1.92000992715 00
0.33844611256 00
3.94125967517 01
3.19839393441 01
4.36637390082 01
0.606422766132 00
4.51072932017 01
5.97182633629 11
1.04630591618 00
4.40598917604 01
1.72688665714 00
6.47380323233 11
0.212227913158 00
4.99532743344 01
1.75472681654 00
1.45274857769 00
6.0837301825 11
2.28647002657 01
6.99159353076 11
1.13495996328 00
5.51351031006 11
4.3876335402 01
2.51518904307 01
3.0649859714 01
6.68694069797 11
1.93114319838 00
5.32078414174 11
1.69150020985 00
6.4612483237 11
6.47871171151 11
1.37202486365 00
1.5042984121 00
3.574695142 01
5.15278831221 11
0.445794622806 00
0.463353261759 00
1.36055072641 00
4.4423430323 01
4.28517411562 01
2.09765682727 01
1.96533053229 00
2.83668261848 01
4.49084473969 01
2.69640437518 01
5.46333485382 11
3.86897484359 01
5.17765355717 11
4.05025653555 01
6.24263209398 11
6.79385004652 11
6.77500091636 11
4.6017920683 01
5.85352548868 11
3.98891416241 01
4.664480092 01
0.0750780623499 00
5.26154985832 11
6.39810390468 11
5.06520087773 11
6.46404306326 11
2.01201093658 01
3.63224824043 01
1.29024264141 00
6.10787943174 11
5.04726897099 11
5.96451667929 11
2.36024793175 01
1.35159159638 00
2.91680836525 01
1.00014937346 00
0.478672746645 00
2.37543878102 01
6.03563608745 11
2.72290370962 01
0.974570055858 00
2.53821868733 01
1.2058215012 00
3.66859258534 01
5.66775399508 11
2.53577453982 01
5.70871203441 11
2.64503258724 01
6.14831112413 11
0.315737014973 00
5.39390429666 11
1.38749078249 00
1.47369694883 00
3.05637506365 01
0.11888070464 00
1.60121109446 00
3.97850526363 01
4.60415529865 01
5.28206611026 11
2.48130497751 01
5.11672995413 11
2.1024713292 01
3.18355132847 01
4.29810063265 01
3.77034194427 01
6.19670256846 11
4.17866617245 01
5.99864541933 11
4.53311623065 01
2.91101538292 01
5.29309561596 11
3.38928231325 01
4.41018647194 01
2.28411471524 01
5.87386528976 11
4.12285285796 01
1.85878992687 00
3.15033885799 01
5.77619083522 11
4.81909078024 01
5.40771351493 11
5.70167625653 11
3.67444617358 01
3.50615421741 01
5.61143664908 11
6.5223437542 11
2.63480522181 01
4.7092417447 01
5.96593514411 11
5.5072399432 11
5.84941367017 11
6.42491278488 11
4.56147163187 01
0.394765667465 00
4.97074559524 01
3.61435533619 01
0.672026372385 00
6.05211809841 11
6.60145414895 11
4.2097590186 01
5.67544351688 11
4.61051017115 01
2.01261932766 01
1.37385593625 00
5.42592516972 11
3.593004802 01
6.50634381837 11
5.757624623 11
5.30718721824 11
6.27430160017 11
3.77700205779 01
5.77596819325 11
5.25577690615 11
4.78139952246 01
0.872790031301 00
4.33860340337 01
2.92458717065 01
3.21644792983 01
4.98752205932 01
5.06132282473 11
4.54632067222 01
5.57379899228 11
1.62016174212 00
1.75521781422 00
0.179464638762 00
4.10769734263 01
6.79705481555 11
0.19196509575 00
0.710774899577 00
0.725302762189 00
5.29579414807 11
5.96700967905 11
0.679816388701 00
4.59899713791 01
0.437332356423 00
3.09347939042 01
4.75155764042 01
6.53836966313 11
1.14084036028 00
1.48852978341 00
5.51127284851 11
4.20651839769 01
0.69214030869 00
6.85183415135 11
0.826936810554 00
0.641740695349 00
2.1047318001 01
0.508746584085 00
6.34709082525 11
0.463221549822 00
1.15360410157 00
5.1923520971 11
2.57977834958 01
6.51507664031 11
2.32691500032 01
5.30721189051 11
3.46751213617 01
2.53198342062 01
5.68586454375 11
0.158119819251 00
0.582559856738 00
6.03274704259 11
2.278643406 01
6.98422671777 11
2.5279805082 01
3.28875117617 01
3.32961631076 01
4.42967460351 01
3.35448006607 01
2.50889604527 01
3.6123101768 01
4.98476459176 01
5.58197011168 11
2.3508067914 01
6.27718526719 11
6.07231054338 11
4.59012993742 01
4.1703471464 01
5.081557385 11
3.39070622669 01
2.68320739261 01
0.345865410752 00
6.18647826312 11
0.10312076063 00
6.96156466204 11
1.45542450766 00
0.902502452518 00
0.0624286229219 00
1.54061547817 00
2.76371897713 01
1.13083525608 00
0.556941193191 00
0.0577335548046 00
2.58730884956 01
5.63162619495 11
0.99625833127 00
6.15029416552 11
5.65874781885 11
5.30245229867 11
3.9925439544 01
3.00986973298 01
5.63043377152 11
0.518519060928 00
0.695211328765 00
2.6506959217 01
0.865799722445 00
6.639948359 11
2.94632596378 01
3.1505191946 01
1.19549714193 00
5.59499874737 11
4.28950278531 01
4.84395963049 01
1.85822982338 00
2.62753793353 01
3.73343560822 01
0.715863304027 00
6.41816549349 11
2.14120784485 01
2.32727805517 01
5.43334639213 11
3.78812221064 01
3.52001568686 01
5.80972144395 11
4.08943579086 01
1.61796400623 00
3.66184823021 01
3.27941173745 01
2.75571533179 01
2.03460760377 01
5.01508550921 11
1.14158475654 00
5.41261788391 11
3.33971190771 01
4.76712431135 01
5.01319090191 11
2.83505442358 01
3.93502163459 01
6.89793718869 11
1.02975130475 00
0.269551894138 00
2.72979712397 01
0.508693948304 00
6.27256376311 11
6.62188996153 11
5.96819227983 11
3.05199474132 01
4.75805332631 01
6.43894068466 11
6.57606310885 11
4.61025745389 01
3.42531782719 01
2.21996986467 01
6.17194958093 11
1.59146206386 00
3.32049292301 01
1.6934168202 00
2.34883594818 01
4.84564824407 01
0.818863276117 00
4.85255409742 01
2.95815305109 01
0.502366838872 00
3.36597409515 01
5.77114998336 11
5.492612564 11
5.9969364869 11
6.25115615887 11
0.549988696866 00
2.92780921827 01
2.52636833569 01
2.11112816948 01
1.86355289848 00
6.0847607389 11
2.45099531006 01
5.30751793682 11
2.10849691152 01
0.799963976649 00
3.21776555075 01
0.67233857255 00
0.944754372066 00
1.6035557476 00
5.17824312569 11
4.10364641831 01
5.48837232457 11
2.83842074019 01
3.22241194068 01
5.37919624948 11
2.44625868109 01
3.04496272317 01
1.48637832117 00
0.441924689022 00
0.0501396501967 00
3.5396229564 01
3.83265834739 01
5.10398431903 11
5.8327140449 11
1.50024455183 00
1.3876924578 00
1.94116459295 00
1.59880436022 00
4.49245615565 01
4.01715558416 01
1.48226136608 00
3.24118523488 01
3.43438570294 01
4.67454600935 01
1.24841323765 00
2.40928141327 01
2.42637653003 01
6.30440540578 11
3.53339001424 01
5.86400596509 11
2.99494608291 01
3.92681752765 01
2.52568809845 01
0.702042099441 00
0.152474348095 00
3.92488202406 01
4.41926735134 01
3.84950238788 01
2.39046951997 01
3.70864811941 01
6.33621142161 11
4.07336226838 01
4.34451888759 01
6.72853173972 11
6.6111777773 11
